LDsit_1,0,0,40,40
LDsit_2,40,0,40,40
LDsit_3,80,0,40,40
LDsit_4,120,0,40,40
LTsit_1,0,40,40,40
LTsit_2,40,40,40,40
LTsit_3,80,40,40,40
LTsit_4,120,40,40,40
RTsit_1,0,80,40,40
RTsit_2,40,80,40,40
RTsit_3,80,80,40,40
RTsit_4,120,80,40,40
RBsit_1,0,120,40,40
RBsit_2,40,120,40,40
RBsit_3,80,120,40,40
RBsit_4,120,120,40,40
LBwalk_1,0,160,40,40
LBwalk_2,40,160,40,40
LBwalk_3,80,160,40,40
LBwalk_4,120,160,40,40
LTwalk_1,0,200,40,40
LTwalk_2,40,200,40,40
LTwalk_3,80,200,40,40
LTwalk_4,120,200,40,40
RTwalk_1,0,240,40,40
RTwalk_2,40,240,40,40
RTwalk_3,80,240,40,40
RTwalk_4,120,240,40,40
RBwalk_1,0,280,40,40
RBwalk_2,40,280,40,40
RBwalk_3,80,280,40,40
RBwalk_4,120,280,40,40
LBsleep_1,0,320,40,40
LBsleep_2,40,320,40,40
LBsleep_3,80,320,40,40
LBsleep_4,120,320,40,40
LTsleep_1,0,360,40,40
LTsleep_2,40,360,40,40
LTsleep_3,80,360,40,40
LTsleep_4,120,360,40,40
RTsleep_1,0,400,40,40
RTsleep_2,40,400,40,40
RTsleep_3,80,400,40,40
RTsleep_4,120,400,40,40
RBsleep_1,0,440,40,40
RBsleep_2,40,440,40,40
RBsleep_3,80,440,40,40
RBsleep_4,120,440,40,40
LBmeow_1,0,480,40,40
LBmeow_2,40,480,40,40
LBmeow_3,80,480,40,40
LTmeow_1,0,520,40,40
LTmeow_2,40,520,40,40
LTmeow_3,80,520,40,40
RTmeow_1,0,560,40,40
RTmeow_2,40,560,40,40
RTmeow_3,80,560,40,40
RBmeow_1,0,600,40,40
RBmeow_2,40,600,40,40
RBmeow_3,80,600,40,40
idle,0,800,40,40